svgL(25.525,12.533);
svgc(-0.334,-4.449,-7.107,-9.691,-11.196,-6.038);
svgc(-7.615,6.801,7.252,15.506,11.416,18.865);
svgc(0.39,0.314,1.27,0.089,1.55,-0.283);
svgc(2.744,-3.652,7.116,-5.792,9.542,-9.773);
svgc(1.051,-1.724,4.229,-6.439,1.713,-8.392);
svgc(-5.702,-4.424,-11.303,1.202,-14.122,6.028);
svgc(-0.523,0.896,1.44,0.836,1.833,0.165);
svgc(0.876,-1.5,1.823,-2.903,2.966,-4.213);
svgc(6.705,-0.933,9.134,0.201,7.286,3.402);
svgc(-0.562,1.449,-1.35,2.773,-2.36,3.971);
svgc(-2.406,3.197,-6.056,5.129,-8.453,8.319);
svgc(0.517,-0.094,1.033,-0.188,1.55,-0.283);
svgc(-3.596,-2.901,-7.697,-5.564,-10.864,-8.926);
svgc(-1.826,-1.937,-4.345,-11.355,3.269,-7.917);
svgc(2.168,0.979,3.764,3.251,3.94,5.592);
svgC(23.654,13.855,25.591,13.407,25.525,12.533);
svgL(25.525,12.533);
