svgL(474.50888,718.22841);
svgL(303.49547,718.22841);
svgL(303.49547,695.92707);
svgC(303.49523,657.97599,307.79899,627.16496,316.40677,603.49388);
svgC(325.01405,579.82356,340.04029,558.20693,357.06001,538.64392);
svgC(374.07915,519.08181,399.04735,512.31128,458.51794,463.01307);
svgC(490.20889,437.19104,513.79924,385.86077,513.79969,364.34133);
svgC(516.01201,307.41888,499.85986,284.99913,479.23682,264.37609);
svgC(456.56327,244.69892,418.56655,234.30611,388.2379,234.30611);
svgC(360.45869,234.3068,319.77055,242.39482,300.4713,259.67658);
svgC(274.53313,276.95966,235.23383,333.38269,243.42443,390.22235);
svgL(48.907487,391.92457);
svgC(48.907487,234.71058,78.301186,193.22992,147.9116,128.89425);
svgC(215.30899,74.517607,274.44288,55.625885,391.75917,55.625885);
svgC(481.47708,55.625885,553.65645,73.428695,606.08469,109.03174);
svgC(677.29183,157.15646,728.38574,220.21528,728.38574,339.14455);
svgC(728.38505,383.46536,709.23321,429.93093,685.31314,467.47754);
svgC(666.92367,498.38692,624.93803,533.9299,567.10077,571.89382);
svgC(524.2647,597.66242,500.42881,625.01308,490.06113,643.98842);
svgC(479.6925,662.96445,474.50842,687.71109,474.50888,718.22841);
svgL(474.50888,718.22841);
svgL(482.38298,869.80902);
