svgL(4.1189081,10.234167);
svgc(0.5694689,0.140786,1.0296518,0.5864,1.3707374,1.046607);
svgc(0.1313577,0.177234,0.2412992,0.369379,0.3619489,0.554069);
svgc(0.6422668,1.216806,1.0893789,2.529688,1.3799335,3.873208);
svgc(0.076457,0.353536,0.1474175,0.708998,0.1930585,1.067816);
svgc(0.045183,0.355217,0.052691,0.714217,0.079036,1.071326);
svgc(0.022029,1.305277,-0.1415058,2.607577,-0.454148,3.873933);
svgC(6.9024193,22.316772,6.8077786,22.575951,6.6214318,23.15228);
svgC(6.2733181,24.1043,5.9927124,25.079449,5.6474736,26.032324);
svgc(-0.04474,-0.02774,-0.042497,0.200883,-0.1193177,0.19744);
svgc(-0.037862,-0.0017,-0.077512,-0.02742,-0.096411,-0.06027);
svgC(5.3734919,26.068233,5.4048279,25.443308,5.4060919,25.3636);
svgc(0.027075,-1.589454,0.1635578,-3.174213,0.3183923,-4.755464);
svgC(5.8691313,19.320637,6.0328732,18.021499,6.443021,16.786145);
svgC(6.7268718,15.931194,6.8209297,15.822587,7.2290546,15.027539);
svgC(7.788583,14.104428,8.4401541,13.197122,9.3218881,12.551801);
svgc(0.4943843,-0.361828,0.6547894,-0.392749,1.2171259,-0.634825);
svgc(0.227899,-0.06726,0.453157,-0.144228,0.683699,-0.201786);
svgc(0.64968,-0.1622,1.67625,-0.36015,2.339937,-0.191165);
svgc(0.140943,0.03589,0.26942,0.10965,0.40413,0.164476);
svgc(0.111821,0.103233,0.239577,0.191518,0.335461,0.309701);
svgc(0.404567,0.498653,0.596392,1.355598,0.642923,1.982679);
svgc(0.01338,0.180373,0.0041,0.361715,0.0061,0.542573);
svgc(-0.09343,1.06492,-0.503847,1.861485,-1.218734,2.648918);
svgc(-0.157396,0.173368,-0.33132,0.330977,-0.49698,0.496466);
svgc(-0.669537,0.62867,-1.419764,1.162249,-2.261768,1.534155);
svgc(-0.475493,0.210021,-0.713738,0.270787,-1.2057941,0.426438);
svgc(-0.8342118,0.238894,-1.6940774,0.350526,-2.5477456,0.489615);
svgc(-0.1404161,0.05328,-0.3668874,0.0056,-0.4806413,0.126265);
svgc(-0.035418,0.03756,-0.048552,0.09448,-0.064339,0.14076);
svgC(6.602453,20.656555,6.58359,20.937182,6.5449958,21.213779);
svgC(6.4546648,21.635713,6.4242137,22.06658,6.368109,22.493697);
svgc(-0.076493,0.591622,-0.1604325,1.181716,-0.2130428,1.776098);
svgc(-0.033401,0.43306,0.082382,0.553016,0.4051398,0.799464);
svgc(0.4185417,0.297338,0.9249544,0.41704,1.4210927,0.512501);
svgc(0.4310763,0.08371,0.8651162,0.0878,1.2998509,0.04061);
svgc(0.6935086,-0.06499,1.3778784,-0.197465,2.0660914,-0.30054);
svgc(0.998967,-0.130699,2.007413,-0.157462,3.01346,-0.178946);
svgc(0.706571,-0.01253,1.413268,-0.01214,2.11992,-0.01132);
svgc(0.250729,3.48e,-4,0.501459,8.72e,-4);
svgc(0.117239,2.09e,-4,0.230805,0.01349,0.343193);
svgc(0.03996,-0.01567,0.07194,-0.04683,0.107917,-0.07025);
svgc(0.210939,-0.308714,0.208941,-0.70399,0.222827,-1.064652);
svgc(0.02363,-0.335831,-0.01796,-0.668586,-0.05445,-1.00153);
svgc(-0.01738,-0.270849,-0.0595,-0.538882,-0.09191,-0.808154);
svgc(-0.02492,-0.206772,-0.03279,-0.414909,-0.03653,-0.622961);
svgc(-0.0011,-0.08317,-0.0014,-0.16635,-0.0015,-0.249527);
svgc(-1.5e,-5,-0.01564,-0.0139,-0.0538,1.44e);
svgc(0.03106,0.0152,0.05966,0.03497,0.0895,0.05245);
svgc(4.63e,-4,0.171668,4.28e,-4,0.343336);
svgc(9.33e,-4,0.19071,0.0092,0.379677,-0.0262);
svgc(-0.02445,0.218946,-0.21868,0.281314,-0.405965,0.322607);
svgc(-0.189605,0.03148,-0.382438,0.0303,-0.574036,0.03044);
svgc(-0.180209,-7.77e,-4,-0.360416,-0.002,-0.540626);
svgc(0.09839,-0.09724,-0.07558,0.02264,-0.07067,-3.94e);
svgc(0.0066,-0.031,0.0084,-0.06879,0.03246,-0.08939);
svgc(0.0057,-0.0049,0.278819,-1.25e,-4,0.296493);
svgc(0.228762,-2.2e,-5,0.457525,-6e,-6);
svgc(0.207393,7e,-6,0.414785,9e,-6);
svgc(0.181766,1e,-6,0.363533,1e,-6);
svgc(0.178323,0,0.356646,0,0.53497,0);
svgc(0.178505,0,0.357011,0,0.535517,0);
svgc(0.02976,0,0.05952,0,0.08928,0);
svgc(0.103076,0,0.277217,0.06012,0.07048,0.140784);
svgc(-0.173976,0.03556,-0.353366,0.03354,-0.530225,0.0366);
svgc(-0.210217,0.0025,-0.420456,0.0019,-0.630683,0.0017);
svgc(-0.170542,9.87e,-4,-0.344525,-0.01808,-0.505738);
svgc(-0.11016,0.07884,-0.115659,0.220859,-0.126205,0.344821);
svgc(-0.0094,0.19674,-0.006,0.393857,-0.0049,0.590752);
svgc(0.0015,0.217884,0.0019,0.435773,0.0021,0.653661);
svgc(0.01101,0.06656,0.02134,0.174241,0.05924,0.235269);
svgc(0.108727,0.175085,0.51652,0.252182,0.691828,0.301892);
svgc(0.483934,0.11902,0.969961,0.225986,1.464617,0.288177);
svgc(0.316569,0.03772,0.635711,0.03876,0.954022,0.04009);
svgc(0.281343,2.57e,-4,0.562684,-0.0011,0.844024);
svgc(0.22564,0.01447,0.341442,-0.01606,0.519638,-0.150222);
svgc(0.133787,-0.119062,0.250551,-0.243783,0.338858,-0.400036);
svgc(0.176067,-0.255024,0.233642,-0.548568,0.287549,-0.848367);
svgc(0.09235,-0.60723,0.242188,-1.202599,0.347895,-1.807336);
svgc(0.137124,-0.906803,0.356927,-1.806296,0.689899,-2.662283);
svgc(0.08433,-0.216793,0.183338,-0.427586,0.275007,-0.64138);
svgc(0.580361,-1.24599,1.30074,-2.417382,2.074356,-3.550839);
svgc(0.312931,-0.443308,0.647053,-0.877603,1.080184,-1.210581);
svgc(0.197948,-0.152176,0.259364,-0.178436,0.471748,-0.300719);
svgc(0.422013,-0.192234,0.883953,-0.303829,1.345498,-0.345279);
svgc(0.05131,0.01009,0.106112,0.0091,0.153942,0.03027);
svgc(0.24064,0.106405,0.290767,0.429717,0.333993,0.652226);
svgc(0.0677,0.348514,0.08442,0.630457,0.118085,0.987363);
svgc(0.05972,0.982402,0.1099,1.968389,0.04462,2.951994);
svgc(-0.05515,0.83111,-0.106862,1.062236,-0.2301,1.900395);
svgc(-0.342377,2.029079,-1.086665,3.948315,-1.901737,5.82651);
svgC(27.556,26.270396,27.29952,26.77874,27.056548,27.293218);
svgc(-0.0266,0.05633,-0.01479,0.184566,-0.07558,0.170926);
svgc(-0.05963,-0.01338,0.0081,-0.126671,0.03974,-0.178968);
svgc(0.115889,-0.191718,0.264312,-0.361778,0.396468,-0.542668);
svgc(2.206728,-2.917522,4.839069,-5.489584,7.760321,-7.688641);
svgc(0.819929,-0.617225,1.679123,-1.180486,2.518685,-1.770729);
svgc(2.289023,-1.485264,4.701131,-2.766646,7.206823,-3.844517);
svgc(1.413712,-0.608135,1.930442,-0.76553,3.309033,-1.248129);
svgc(0.05959,-0.02086,0.08909,0.06341,0.0295,0.08427);
svgl(0,0);
svgc(-1.37547,0.481425,-1.890842,0.638373,-3.301453,1.24508);
svgc(-2.50071,1.07556,-4.908018,2.354251,-7.192554,3.836337);
svgc(-0.837994,0.589062,-1.695574,1.151201,-2.513981,1.767185);
svgc(-2.915213,2.194172,-5.542141,4.760577,-7.744291,7.671831);
svgc(-0.133708,0.182837,-0.24667,0.382827,-0.401125,0.548511);
svgc(-0.047,0.05042,-0.134994,0.127377,-0.188819,0.08432);
svgc(-0.04948,-0.03958,0.04987,-0.116535,0.07692,-0.173832);
svgc(0.242404,-0.513334,0.498386,-1.020502,0.717292,-1.544753);
svgc(0.812005,-1.870974,1.553894,-3.782707,1.895306,-5.803958);
svgc(0.122741,-0.834046,0.174196,-1.063871,0.229215,-1.890789);
svgc(0.06518,-0.979681,0.01502,-1.961738,-0.0443,-2.940233);
svgc(-0.03403,-0.361836,-0.04887,-0.622277,-0.115812,-0.974081);
svgc(-0.03247,-0.170664,-0.07323,-0.493369,-0.265676,-0.586491);
svgc(-0.03928,-0.01901,-0.08516,-0.01915,-0.127737,-0.02872);
svgc(-0.448735,0.03942,-0.897985,0.148945,-1.308898,0.333748);
svgc(-0.207102,0.118889,-0.265846,0.143767,-0.459063,0.291882);
svgc(-0.427045,0.327362,-0.755203,0.756038,-1.063626,1.192348);
svgc(-0.770403,1.128674,-1.487858,2.295069,-2.066046,3.535703);
svgc(-0.09091,0.211836,-0.189123,0.420685,-0.27273,0.635508);
svgc(-0.331379,0.851456,-0.55002,1.746252,-0.68628,2.648334);
svgc(-0.105791,0.604882,-0.255499,1.200429,-0.347976,1.807793);
svgc(-0.05587,0.309348,-0.116755,0.613115,-0.297794,0.87665);
svgc(-0.09506,0.166399,-0.219056,0.301101,-0.362872,0.427316);
svgc(-0.193225,0.144723,-0.330359,0.183325,-0.572982,0.168109);
svgc(-0.281553,8.42e,-4,-0.563107,0.0022,-0.844662);
svgc(-0.321914,-0.0013,-0.644657,-0.0025,-0.964797,-0.04078);
svgc(-0.499118,-0.06285,-0.989603,-0.170551,-1.477866,-0.290875);
svgc(-0.225887,-0.06426,-0.618774,-0.134853,-0.75183,-0.358643);
svgc(-0.04189,-0.07045,-0.05208,-0.187571,-0.06412,-0.264309);
svgc(-2.37e,-4,-0.217752,-5.77e,-4,-0.435504);
svgc(-0.0011,-0.199622,-0.0046,-0.399479,0.0052,-0.598934);
svgc(0.01403,-0.160547,0.03183,-0.32883,0.182515,-0.42025);
svgc(0.173453,-0.06616,0.355343,-0.05687,0.538465,-0.05377);
svgc(0.209687,1.93e,-4,0.419384,8.07e,-4);
svgc(0.167936,-0.0029,0.337896,-0.0015,0.503578,-0.03204);
svgc(0.04985,-0.01057,0.008,-0.01071,0.03372,0.03614);
svgc(0.0031,0.0057,0.02447,0.0083,0.0184,0.0061);
svgc(-0.05909,-0.02132,-0.122248,-0.002,-0.183697,-0.0091);
svgc(-0.178506,0,-0.357012,0,-0.535517,0);
svgc(-0.178324,0,-0.356647,0,-0.53497,0);
svgc(-0.181766,0,-0.363533,10e,-7,-0.545299);
svgc(-0.207394,-1e,-6,-0.414787,-4e,-6);
svgc(-0.228756,-7e,-6,-0.457512,-2.3e,-5);
svgc(-0.01733,3e,-6,-0.290972,0.0046,-0.29621);
svgc(-0.02392,-0.02056,-0.02506,-0.05833,-0.03165,-0.08918);
svgc(-0.0049,-0.02278,0.174245,0.105211,0.06987,3.88e);
svgc(0.180084,6.3e,-4,0.360164,0.0018,0.540248);
svgc(0.185248,-1.32e,-4,0.371675,0.0012,0.555103);
svgc(0.153449,-0.03295,0.3189,-0.07037,0.337236,-0.251973);
svgc(0.03472,-0.182373,0.02475,-0.365974,0.02464,-0.551041);
svgc(-2.9e,-5,-0.17155,7e,-6,-0.343101);
svgc(0.02969,-0.0172,0.05833,-0.03636,0.08907,-0.05161);
svgc(0.0136,-0.0067,-1.51e,-4,0.03036,-1.37e);
svgc(7.7e,-5,0.0827,3.68e,-4,0.165403);
svgc(0.0037,0.205022,0.01136,0.410132,0.0359,0.613895);
svgc(0.03243,0.269583,0.07458,0.537937,0.09202,0.809095);
svgc(0.03696,0.337308,0.0787,0.674485,0.05491,1.014703);
svgc(-0.0151,0.389538,-0.01368,0.816706,-0.264987,1.137083);
svgc(-0.04582,0.02731,-0.08752,0.06317,-0.137454,0.08192);
svgc(-0.120229,0.04515,-0.235893,0.03256,-0.360881,0.03233);
svgc(-0.250709,-4.46e,-4,-0.501417,-9.7e,-4);
svgc(-0.705982,-8.19e,-4,-1.412009,-0.0012,-2.11791);
svgc(-1.002261,0.02139,-2.006915,0.04795,-3.002143,0.177981);
svgc(-0.689423,0.103218,-1.3749842,0.235959,-2.0697147,0.301007);
svgc(-0.4435832,0.0478,-0.8865355,0.04382,-1.3263403,-0.0417);
svgC(7.4546874,25.571118,6.9353839,25.446671,6.5059945,25.140188);
svgC(6.1596473,24.875048,6.0303053,24.723481,6.0661474,24.26192);
svgc(0.052746,-0.595635,0.136759,-1.186989,0.2134557,-1.779855);
svgc(0.05616,-0.427344,0.086554,-0.858474,0.1769827,-1.280626);
svgc(0.039441,-0.282645,0.058426,-0.569561,0.1346717,-0.845568);
svgC(6.7127446,20.031089,6.9028328,20.094976,7.2059088,20.03092);
svgc(0.84944,-0.138292,1.7050092,-0.249386,2.5351828,-0.486622);
svgC(10.22764,19.390555,10.464281,19.330196,10.934308,19.122915);
svgc(0.833329,-0.367496,1.575586,-0.89539,2.238179,-1.517265);
svgc(0.163673,-0.163298,0.335451,-0.318856,0.491019,-0.489893);
svgc(0.700704,-0.770377,1.105236,-1.548554,1.198496,-2.591355);
svgc(-0.0018,-0.177124,0.0076,-0.354712,-0.0053,-0.531371);
svgc(-0.0446,-0.608796,-0.22839,-1.441288,-0.615447,-1.929611);
svgc(-0.08799,-0.111013,-0.205624,-0.194896,-0.308437,-0.292344);
svgc(-0.127059,-0.05282,-0.247932,-0.124107,-0.381178,-0.158447);
svgc(-0.651113,-0.167804,-1.666258,0.02958,-2.303697,0.188206);
svgc(-0.227151,0.05653,-0.449127,0.132116,-0.673691,0.198175);
svgc(-0.550697,0.23611,-0.7104272,0.267206,-1.1946644,0.620923);
svgc(-0.8728398,0.637575,-1.5171083,1.53569,-2.0711184,2.448401);
svgc(-0.4045419,0.787027,-0.4980852,0.895121,-0.779493,1.741948);
svgc(-0.4088297,1.23027,-0.571463,2.524288,-0.7156372,3.806555);
svgc(-0.1546183,1.578831,-0.2909176,3.161167,-0.3179787,4.748191);
svgc(-0.0021,0.129911,-0.00683,0.259807,-0.0063,0.389734);
svgc(3.507e,-4,0.08579,0.00425,0.171547,0.00894);
svgc(0.00208,0.03794,0.018592,0.07611,0.011359,0.113409);
svgc(-0.00352,0.01817,-0.031229,0.02188,-0.040681,0.03779);
svgc(-0.00684,0.01151,0.021577,-0.01586,0.032366,-0.02379);
svgc(0.020825,-0.04582,0.04165,-0.09165,0.062475,-0.137471);
svgC(5.908507,25.050045,6.1885782,24.075804,6.536468,23.124808);
svgc(0.18531,-0.572901,0.2795445,-0.830937,0.4258119,-1.422938);
svgc(0.3107908,-1.257891,0.4735733,-2.551517,0.4522872,-3.848127);
svgc(-0.025951,-0.354,-0.033151,-0.709875,-0.077854,-1.061998);
svgc(-0.0453,-0.356828,-0.1158085,-0.71032,-0.1917804,-1.061898);
svgC(6.8566946,14.395909,6.4132347,13.092337,5.7768148,11.883627);
svgC(5.6585825,11.702147,5.5508762,11.513357,5.422118,11.339186);
svgC(5.0953637,10.897188,4.6543905,10.463282,4.1090482,10.322907);
svgc(-0.062748,-0.007,-0.052888,-0.09571,0.00986,-0.08874);
